14.951
14.622
14.904
14.915
15.041
15.039
14.912
15.12
15.142
14.95
14.924
15.001
14.963
15.0
14.769
15.139
14.475
15.127
14.856
14.82
14.915
14.966
14.636
15.014
15.295
15.022
14.935
15.179
14.704
15.003
15.26
14.868
14.713
15.179
15.19
14.86
14.964
15.017
14.67
15.164
15.294
15.252
14.67
15.172
15.371
15.031
14.774
14.505
14.811
15.059
14.533
14.804
14.967
14.549
14.947
14.794
14.946
14.34
15.189
15.308
14.86
14.967
14.656
15.179
15.389
14.861
14.985
15.003
15.065
14.932
14.835
14.628
14.849
14.965
15.233
14.963
14.809
15.297
15.053
15.051
14.859
15.082
14.963
15.149
15.088
15.531
14.908
15.368
14.872
14.848
15.122
15.157
14.954
15.459
15.135
15.084
15.26
15.051
14.972
15.24
15.005
15.138
15.06
14.783
15.066
14.989
15.209
14.857
14.901
15.012
14.514
15.179
15.11
14.937
15.704
15.543
15.15
14.966
15.229
15.139
15.193
15.208
14.903
15.157
15.192
15.186
14.546
14.731
14.937
15.006
14.869
15.103
14.87
15.005
15.058
14.89
14.865
14.95
14.875
15.028
15.026
14.969
15.058
14.628
14.94
14.942
15.459
15.41
14.874
14.935
14.565
14.924
14.822
15.19
14.818
14.793
14.837
14.935
14.9
15.655
15.05
15.671
14.792
14.996
14.615
14.974
14.852
14.689
14.951
14.957
14.884
14.963
14.85
14.719
15.021
15.203
14.88
14.471
15.113
14.923
15.15
15.228
14.513
15.187
15.176
15.153
15.238
15.258
15.15
14.846
14.971
14.803
15.052
14.924
15.026
15.48
14.949
14.811
14.802
14.808
14.99
15.131
15.576
14.808
14.697
15.059
15.089
14.517
14.864
14.922
14.649
14.902
15.558
14.763
14.989
15.008
15.134
15.197
15.041
14.963
14.92
15.018
14.93
14.859
14.733
14.575
15.149
15.039
15.202
15.07
15.005
14.921
15.01
14.922
14.887
15.149
14.85
15.228
15.889
14.376
14.969
14.949
14.707
15.11
15.175
14.917
14.876
15.05
