15.005500000000001
14.935
14.9904
15.020000000000001
14.896909090909089
14.999875000000001
14.89407692307692
14.934000000000001
14.947375
14.96275
15.067714285714288
15.0084
14.878333333333332
14.7585
15.116
14.868800000000002
14.933333333333332
15.04
14.688
14.800333333333333
14.902750000000001
14.7854
14.910749999999998
14.991999999999999
14.818846153846154
15.0696
15.0555
15.0195
14.937800000000001
14.951285714285715
14.783142857142858
14.998
14.9605
14.839333333333334
14.843
14.797
14.916
14.7835
15.051
14.965399999999999
15.079
14.860166666666666
15.007833333333336
15.0545
14.936600000000002
15.0078
15.0365
14.891625
14.898599999999998
14.877076923076922
